13386
13404
38801
38802
38873
39215
39343
39804
39927
39976
40009
40133
40648
40653
40791
40802
42452
42453
42497
42834
42983.obo
44016
44245
44258
44565
44666
44704
44944
45082
45088
45217
45218
45231
45233
4525
45263
45290
45307
4531
45398
45404
45418
45532
45567
45792
45845.owl
45937
45948
45950
45953
45966
45987
45992
46012
46039
46047
46061
46062
46064
46066
46068
46081
46083
46089
46090.owl
46190
46194
46205
46232
46237
46273
46285
46293
46314
46315
46319
46338
46353
46358
46402
46408
46430
46448
46449
46465
46492
46505
46517
46530
46534
46559
46601
46604
46611
46613
46615
46617
46622
46624
46658
46699
46702
46727
46731
46732
46734
46741
46747
46748
46749
14391
29684
3294
38611
38631
39038
3905
39336.owl
39508
39509
39577
39579.owl
39734
39815
39933
40117
40223
40245
40358.owl
40483
40642
40646
40649
40652
40917
40937
42117
42455
42456
42651
42685
42764
42765
42835
42948.owl
42998
44005
44006
44167
44178
44210
44257
44354
44448
44450
44451
44507.owl
44629
44686
44694
44724
44729
44779
44831
44836
44946
44947
44958
45127
45138
45146
45215
45216
45220
45230
45239
45242
45245
45248
45249
45252
45254
45260
45262
45267
45294
45298
45330
45376
45578
45588
45638
45681
45766
45776
45784
45796
45817
45834
45835
45863
45879
45880
45890
45902
45980
45982
45989
45991
46004
46005
46042
46080
46086
46154
46199
46220
46286
46316
46317.owl
46320
46348
46350
46378
46383
46386
46394
46410
46456
46464
46493
46494
46506
46507
46512
46524
46531
46571
46593
46628
46646
46667
46684
46700
46713
46719
46725
46726
46728
46737
46738
46740
46744
8056
NDF-RT.owl
sct-stated-2011-07-31.owl
